4.000000
4.443116
4.845133
5.207711
5.532509
5.821189
6.075411
6.296835
6.487120
6.647928
6.780919
6.887753
6.970090
7.029590
7.067914
7.086722
7.087675
7.072432
7.042653
7.000000
6.946132
6.882710
6.811393
6.733843
6.651718
6.566681
6.480390
6.394507
6.310691
6.230603
6.155902
6.088250
6.029306
5.980731
5.944186
5.921329
5.913822
5.923324
5.951497
6.000000
6.070019
6.160842
6.271281
6.400151
6.546263
6.708431
6.885469
7.076188
7.279403
7.493927
7.718571
7.952151
8.193478
8.441365
8.694627
8.952075
9.212524
9.474785
9.737673
10.000000
10.260792
10.519923
10.777482
11.033555
11.288230
11.541594
11.793735
12.044740
12.294696
12.543691
12.791812
13.039147
13.285783
13.531807
13.777307
14.022370
14.267083
14.511534
14.755811
15.000000
15.244189
15.488466
15.732917
15.977630
16.222693
16.468193
16.714217
16.960853
17.208188
17.456309
17.705304
17.955260
18.206265
18.458406
18.711770
18.966445
19.222518
19.480077
19.739208
20.000000
