3.000000
2.720296
2.483505
2.286566
2.126417
2.000000
1.904253
1.836116
1.792529
1.770431
1.766761
1.778460
1.802466
1.835720
1.875161
1.917728
1.960361
2.000000
2.034154
2.062613
2.085737
2.103886
2.117420
2.126699
2.132082
2.133930
2.132603
2.128460
2.121861
2.113167
2.102737
2.090931
2.078109
2.064631
2.050858
2.037148
2.023861
2.011359
2.000000
1.990105
1.981831
1.975300
1.970628
1.967936
1.967341
1.968964
1.972922
1.979335
1.988321
2.000000
2.014521
2.032159
2.053218
2.078005
2.106823
2.139979
2.177778
2.220525
2.268524
2.322082
2.381504
2.447094
2.519158
2.598001
2.683929
2.777247
2.878259
2.987272
3.104589
3.230518
3.365362
3.509427
3.663018
3.826441
4.000000
4.184001
4.378750
4.584550
4.801708
5.030529
5.271318
5.524380
5.790021
6.068545
6.360258
6.665466
6.984472
7.317583
7.665104
8.027340
8.404596
8.797178
9.205390
9.629538
10.069928
10.526863
11.000650
11.491594
12.000000
12.526173
